0            0     0   0  0     0     seti 123 0 1            
0          123     0   0  1     0     bani 1 456 1            
0           72     0   0  2     0     eqri 1 72 1             
0            1     0   0  3     0     addr 1 4 4              
0            1     0   0  5     0     seti 0 7 1              
0            0     0   0  6     0     bori 1 65536 5          
0            0     0   0  7 65536     seti 8595037 6 1        
0      8595037     0   0  8 65536     bani 5 255 3            
0      8595037     0   0  9 65536     addr 1 3 1              
0      8595037     0   0 10 65536     bani 1 16777215 1       
0      8595037     0   0 11 65536     muli 1 65899 1          
0 566404343263     0   0 12 65536     bani 1 16777215 1       
0      5531103     0   0 13 65536     gtir 256 5 3            
0      5531103     0   0 14 65536     addr 3 4 4              
0      5531103     0   0 15 65536     addi 4 1 4              
0      5531103     0   0 17 65536     seti 0 2 3              
0      5531103     0   0 18 65536     addi 3 1 2              
0      5531103     1   0 19 65536     muli 2 256 2            
0      5531103   256   0 20 65536     gtrr 2 5 2              
0      5531103     0   0 21 65536     addr 2 4 4              
0      5531103     0   0 22 65536     addi 4 1 4              
0      5531103     0   0 24 65536     addi 3 1 3              
0      5531103     0   1 25 65536     seti 17 8 4             
0      5531103     0   1 18 65536     addi 3 1 2              
0      5531103     2   1 19 65536     muli 2 256 2            
0      5531103   512   1 20 65536     gtrr 2 5 2              
0      5531103     0   1 21 65536     addr 2 4 4              
0      5531103     0   1 22 65536     addi 4 1 4              
0      5531103     0   1 24 65536     addi 3 1 3              
0      5531103     0   2 25 65536     seti 17 8 4             
0      5531103     0   2 18 65536     addi 3 1 2              
0      5531103     3   2 19 65536     muli 2 256 2            
0      5531103   768   2 20 65536     gtrr 2 5 2              
0      5531103     0   2 21 65536     addr 2 4 4              
0      5531103     0   2 22 65536     addi 4 1 4              
0      5531103     0   2 24 65536     addi 3 1 3              
0      5531103     0   3 25 65536     seti 17 8 4             
0      5531103     0   3 18 65536     addi 3 1 2              
0      5531103     4   3 19 65536     muli 2 256 2            
0      5531103  1024   3 20 65536     gtrr 2 5 2              
0      5531103     0   3 21 65536     addr 2 4 4              
0      5531103     0   3 22 65536     addi 4 1 4              
0      5531103     0   3 24 65536     addi 3 1 3              
0      5531103     0   4 25 65536     seti 17 8 4             
0      5531103     0   4 18 65536     addi 3 1 2              
0      5531103     5   4 19 65536     muli 2 256 2            
0      5531103  1280   4 20 65536     gtrr 2 5 2              
0      5531103     0   4 21 65536     addr 2 4 4              
0      5531103     0   4 22 65536     addi 4 1 4              
0      5531103     0   4 24 65536     addi 3 1 3              
0      5531103     0   5 25 65536     seti 17 8 4             
0      5531103     0   5 18 65536     addi 3 1 2              
0      5531103     6   5 19 65536     muli 2 256 2            
0      5531103  1536   5 20 65536     gtrr 2 5 2              
0      5531103     0   5 21 65536     addr 2 4 4              
0      5531103     0   5 22 65536     addi 4 1 4              
0      5531103     0   5 24 65536     addi 3 1 3              
0      5531103     0   6 25 65536     seti 17 8 4             
0      5531103     0   6 18 65536     addi 3 1 2              
0      5531103     7   6 19 65536     muli 2 256 2            
0      5531103  1792   6 20 65536     gtrr 2 5 2              
0      5531103     0   6 21 65536     addr 2 4 4              
0      5531103     0   6 22 65536     addi 4 1 4              
0      5531103     0   6 24 65536     addi 3 1 3              
0      5531103     0   7 25 65536     seti 17 8 4             
0      5531103     0   7 18 65536     addi 3 1 2              
0      5531103     8   7 19 65536     muli 2 256 2            
0      5531103  2048   7 20 65536     gtrr 2 5 2              
0      5531103     0   7 21 65536     addr 2 4 4              
0      5531103     0   7 22 65536     addi 4 1 4              
0      5531103     0   7 24 65536     addi 3 1 3              
0      5531103     0   8 25 65536     seti 17 8 4             
0      5531103     0   8 18 65536     addi 3 1 2              
0      5531103     9   8 19 65536     muli 2 256 2            
0      5531103  2304   8 20 65536     gtrr 2 5 2              
0      5531103     0   8 21 65536     addr 2 4 4              
0      5531103     0   8 22 65536     addi 4 1 4              
0      5531103     0   8 24 65536     addi 3 1 3              
0      5531103     0   9 25 65536     seti 17 8 4             
0      5531103     0   9 18 65536     addi 3 1 2              
0      5531103    10   9 19 65536     muli 2 256 2            
0      5531103  2560   9 20 65536     gtrr 2 5 2              
0      5531103     0   9 21 65536     addr 2 4 4              
0      5531103     0   9 22 65536     addi 4 1 4              
0      5531103     0   9 24 65536     addi 3 1 3              
0      5531103     0  10 25 65536     seti 17 8 4             
0      5531103     0  10 18 65536     addi 3 1 2              
0      5531103    11  10 19 65536     muli 2 256 2            
0      5531103  2816  10 20 65536     gtrr 2 5 2              
0      5531103     0  10 21 65536     addr 2 4 4              
0      5531103     0  10 22 65536     addi 4 1 4              
0      5531103     0  10 24 65536     addi 3 1 3              
0      5531103     0  11 25 65536     seti 17 8 4             
0      5531103     0  11 18 65536     addi 3 1 2              
0      5531103    12  11 19 65536     muli 2 256 2            
0      5531103  3072  11 20 65536     gtrr 2 5 2              
0      5531103     0  11 21 65536     addr 2 4 4              
0      5531103     0  11 22 65536     addi 4 1 4              
0      5531103     0  11 24 65536     addi 3 1 3              
0      5531103     0  12 25 65536     seti 17 8 4             
0      5531103     0  12 18 65536     addi 3 1 2              
0      5531103    13  12 19 65536     muli 2 256 2            
0      5531103  3328  12 20 65536     gtrr 2 5 2              
0      5531103     0  12 21 65536     addr 2 4 4              
0      5531103     0  12 22 65536     addi 4 1 4              
0      5531103     0  12 24 65536     addi 3 1 3              
0      5531103     0  13 25 65536     seti 17 8 4             
0      5531103     0  13 18 65536     addi 3 1 2              
0      5531103    14  13 19 65536     muli 2 256 2            
0      5531103  3584  13 20 65536     gtrr 2 5 2              
0      5531103     0  13 21 65536     addr 2 4 4              
0      5531103     0  13 22 65536     addi 4 1 4              
0      5531103     0  13 24 65536     addi 3 1 3              
0      5531103     0  14 25 65536     seti 17 8 4             
0      5531103     0  14 18 65536     addi 3 1 2              
0      5531103    15  14 19 65536     muli 2 256 2            
0      5531103  3840  14 20 65536     gtrr 2 5 2              
0      5531103     0  14 21 65536     addr 2 4 4              
0      5531103     0  14 22 65536     addi 4 1 4              
0      5531103     0  14 24 65536     addi 3 1 3              
0      5531103     0  15 25 65536     seti 17 8 4             
0      5531103     0  15 18 65536     addi 3 1 2              
0      5531103    16  15 19 65536     muli 2 256 2            
0      5531103  4096  15 20 65536     gtrr 2 5 2              
0      5531103     0  15 21 65536     addr 2 4 4              
0      5531103     0  15 22 65536     addi 4 1 4              
0      5531103     0  15 24 65536     addi 3 1 3              
0      5531103     0  16 25 65536     seti 17 8 4             
0      5531103     0  16 18 65536     addi 3 1 2              
0      5531103    17  16 19 65536     muli 2 256 2            
0      5531103  4352  16 20 65536     gtrr 2 5 2              
0      5531103     0  16 21 65536     addr 2 4 4              
0      5531103     0  16 22 65536     addi 4 1 4              
0      5531103     0  16 24 65536     addi 3 1 3              
0      5531103     0  17 25 65536     seti 17 8 4             
0      5531103     0  17 18 65536     addi 3 1 2              
0      5531103    18  17 19 65536     muli 2 256 2            
0      5531103  4608  17 20 65536     gtrr 2 5 2              
0      5531103     0  17 21 65536     addr 2 4 4              
0      5531103     0  17 22 65536     addi 4 1 4              
0      5531103     0  17 24 65536     addi 3 1 3              
0      5531103     0  18 25 65536     seti 17 8 4             
0      5531103     0  18 18 65536     addi 3 1 2              
0      5531103    19  18 19 65536     muli 2 256 2            
0      5531103  4864  18 20 65536     gtrr 2 5 2              
0      5531103     0  18 21 65536     addr 2 4 4              
0      5531103     0  18 22 65536     addi 4 1 4              
0      5531103     0  18 24 65536     addi 3 1 3              
0      5531103     0  19 25 65536     seti 17 8 4             
0      5531103     0  19 18 65536     addi 3 1 2              
0      5531103    20  19 19 65536     muli 2 256 2            
0      5531103  5120  19 20 65536     gtrr 2 5 2              
0      5531103     0  19 21 65536     addr 2 4 4              
0      5531103     0  19 22 65536     addi 4 1 4              
0      5531103     0  19 24 65536     addi 3 1 3              
0      5531103     0  20 25 65536     seti 17 8 4             
0      5531103     0  20 18 65536     addi 3 1 2              
0      5531103    21  20 19 65536     muli 2 256 2            
0      5531103  5376  20 20 65536     gtrr 2 5 2              
0      5531103     0  20 21 65536     addr 2 4 4              
0      5531103     0  20 22 65536     addi 4 1 4              
0      5531103     0  20 24 65536     addi 3 1 3              
0      5531103     0  21 25 65536     seti 17 8 4             
0      5531103     0  21 18 65536     addi 3 1 2              
0      5531103    22  21 19 65536     muli 2 256 2            
0      5531103  5632  21 20 65536     gtrr 2 5 2              
0      5531103     0  21 21 65536     addr 2 4 4              
0      5531103     0  21 22 65536     addi 4 1 4              
0      5531103     0  21 24 65536     addi 3 1 3              
0      5531103     0  22 25 65536     seti 17 8 4             
0      5531103     0  22 18 65536     addi 3 1 2              
0      5531103    23  22 19 65536     muli 2 256 2            
0      5531103  5888  22 20 65536     gtrr 2 5 2              
0      5531103     0  22 21 65536     addr 2 4 4              
0      5531103     0  22 22 65536     addi 4 1 4              
0      5531103     0  22 24 65536     addi 3 1 3              
0      5531103     0  23 25 65536     seti 17 8 4             
0      5531103     0  23 18 65536     addi 3 1 2              
0      5531103    24  23 19 65536     muli 2 256 2            
0      5531103  6144  23 20 65536     gtrr 2 5 2              
0      5531103     0  23 21 65536     addr 2 4 4              
0      5531103     0  23 22 65536     addi 4 1 4              
0      5531103     0  23 24 65536     addi 3 1 3              
0      5531103     0  24 25 65536     seti 17 8 4             
0      5531103     0  24 18 65536     addi 3 1 2              
0      5531103    25  24 19 65536     muli 2 256 2            
0      5531103  6400  24 20 65536     gtrr 2 5 2              
0      5531103     0  24 21 65536     addr 2 4 4              
0      5531103     0  24 22 65536     addi 4 1 4              
0      5531103     0  24 24 65536     addi 3 1 3              
0      5531103     0  25 25 65536     seti 17 8 4             
0      5531103     0  25 18 65536     addi 3 1 2              
0      5531103    26  25 19 65536     muli 2 256 2            
0      5531103  6656  25 20 65536     gtrr 2 5 2              
0      5531103     0  25 21 65536     addr 2 4 4              
0      5531103     0  25 22 65536     addi 4 1 4              
0      5531103     0  25 24 65536     addi 3 1 3              
0      5531103     0  26 25 65536     seti 17 8 4             
0      5531103     0  26 18 65536     addi 3 1 2              
0      5531103    27  26 19 65536     muli 2 256 2            
0      5531103  6912  26 20 65536     gtrr 2 5 2              
0      5531103     0  26 21 65536     addr 2 4 4              
0      5531103     0  26 22 65536     addi 4 1 4              
0      5531103     0  26 24 65536     addi 3 1 3              
0      5531103     0  27 25 65536     seti 17 8 4             
0      5531103     0  27 18 65536     addi 3 1 2              
0      5531103    28  27 19 65536     muli 2 256 2            
0      5531103  7168  27 20 65536     gtrr 2 5 2              
0      5531103     0  27 21 65536     addr 2 4 4              
0      5531103     0  27 22 65536     addi 4 1 4              
0      5531103     0  27 24 65536     addi 3 1 3              
0      5531103     0  28 25 65536     seti 17 8 4             
0      5531103     0  28 18 65536     addi 3 1 2              
0      5531103    29  28 19 65536     muli 2 256 2            
0      5531103  7424  28 20 65536     gtrr 2 5 2              
0      5531103     0  28 21 65536     addr 2 4 4              
0      5531103     0  28 22 65536     addi 4 1 4              
0      5531103     0  28 24 65536     addi 3 1 3              
0      5531103     0  29 25 65536     seti 17 8 4             
0      5531103     0  29 18 65536     addi 3 1 2              
0      5531103    30  29 19 65536     muli 2 256 2            
0      5531103  7680  29 20 65536     gtrr 2 5 2              
0      5531103     0  29 21 65536     addr 2 4 4              
0      5531103     0  29 22 65536     addi 4 1 4              
0      5531103     0  29 24 65536     addi 3 1 3              
0      5531103     0  30 25 65536     seti 17 8 4             
0      5531103     0  30 18 65536     addi 3 1 2              
0      5531103    31  30 19 65536     muli 2 256 2            
0      5531103  7936  30 20 65536     gtrr 2 5 2              
0      5531103     0  30 21 65536     addr 2 4 4              
0      5531103     0  30 22 65536     addi 4 1 4              
0      5531103     0  30 24 65536     addi 3 1 3              
0      5531103     0  31 25 65536     seti 17 8 4             
0      5531103     0  31 18 65536     addi 3 1 2              
0      5531103    32  31 19 65536     muli 2 256 2            
0      5531103  8192  31 20 65536     gtrr 2 5 2              
0      5531103     0  31 21 65536     addr 2 4 4              
0      5531103     0  31 22 65536     addi 4 1 4              
0      5531103     0  31 24 65536     addi 3 1 3              
0      5531103     0  32 25 65536     seti 17 8 4             
0      5531103     0  32 18 65536     addi 3 1 2              
0      5531103    33  32 19 65536     muli 2 256 2            
0      5531103  8448  32 20 65536     gtrr 2 5 2              
0      5531103     0  32 21 65536     addr 2 4 4              
0      5531103     0  32 22 65536     addi 4 1 4              
0      5531103     0  32 24 65536     addi 3 1 3              
0      5531103     0  33 25 65536     seti 17 8 4             
0      5531103     0  33 18 65536     addi 3 1 2              
0      5531103    34  33 19 65536     muli 2 256 2            
0      5531103  8704  33 20 65536     gtrr 2 5 2              
0      5531103     0  33 21 65536     addr 2 4 4              
0      5531103     0  33 22 65536     addi 4 1 4              
0      5531103     0  33 24 65536     addi 3 1 3              
0      5531103     0  34 25 65536     seti 17 8 4             
0      5531103     0  34 18 65536     addi 3 1 2              
0      5531103    35  34 19 65536     muli 2 256 2            
0      5531103  8960  34 20 65536     gtrr 2 5 2              
0      5531103     0  34 21 65536     addr 2 4 4              
0      5531103     0  34 22 65536     addi 4 1 4              
0      5531103     0  34 24 65536     addi 3 1 3              
0      5531103     0  35 25 65536     seti 17 8 4             
0      5531103     0  35 18 65536     addi 3 1 2              
0      5531103    36  35 19 65536     muli 2 256 2            
0      5531103  9216  35 20 65536     gtrr 2 5 2              
0      5531103     0  35 21 65536     addr 2 4 4              
0      5531103     0  35 22 65536     addi 4 1 4              
0      5531103     0  35 24 65536     addi 3 1 3              
0      5531103     0  36 25 65536     seti 17 8 4             
0      5531103     0  36 18 65536     addi 3 1 2              
0      5531103    37  36 19 65536     muli 2 256 2            
0      5531103  9472  36 20 65536     gtrr 2 5 2              
0      5531103     0  36 21 65536     addr 2 4 4              
0      5531103     0  36 22 65536     addi 4 1 4              
0      5531103     0  36 24 65536     addi 3 1 3              
0      5531103     0  37 25 65536     seti 17 8 4             
0      5531103     0  37 18 65536     addi 3 1 2              
0      5531103    38  37 19 65536     muli 2 256 2            
0      5531103  9728  37 20 65536     gtrr 2 5 2              
0      5531103     0  37 21 65536     addr 2 4 4              
0      5531103     0  37 22 65536     addi 4 1 4              
0      5531103     0  37 24 65536     addi 3 1 3              
0      5531103     0  38 25 65536     seti 17 8 4             
0      5531103     0  38 18 65536     addi 3 1 2              
0      5531103    39  38 19 65536     muli 2 256 2            
0      5531103  9984  38 20 65536     gtrr 2 5 2              
0      5531103     0  38 21 65536     addr 2 4 4              
0      5531103     0  38 22 65536     addi 4 1 4              
0      5531103     0  38 24 65536     addi 3 1 3              
0      5531103     0  39 25 65536     seti 17 8 4             
0      5531103     0  39 18 65536     addi 3 1 2              
0      5531103    40  39 19 65536     muli 2 256 2            
0      5531103 10240  39 20 65536     gtrr 2 5 2              
0      5531103     0  39 21 65536     addr 2 4 4              
0      5531103     0  39 22 65536     addi 4 1 4              
0      5531103     0  39 24 65536     addi 3 1 3              
0      5531103     0  40 25 65536     seti 17 8 4             
0      5531103     0  40 18 65536     addi 3 1 2              
0      5531103    41  40 19 65536     muli 2 256 2            
0      5531103 10496  40 20 65536     gtrr 2 5 2              
0      5531103     0  40 21 65536     addr 2 4 4              
0      5531103     0  40 22 65536     addi 4 1 4              
0      5531103     0  40 24 65536     addi 3 1 3              
0      5531103     0  41 25 65536     seti 17 8 4             
0      5531103     0  41 18 65536     addi 3 1 2              
0      5531103    42  41 19 65536     muli 2 256 2            
0      5531103 10752  41 20 65536     gtrr 2 5 2              
0      5531103     0  41 21 65536     addr 2 4 4              
0      5531103     0  41 22 65536     addi 4 1 4              
0      5531103     0  41 24 65536     addi 3 1 3              
0      5531103     0  42 25 65536     seti 17 8 4             
0      5531103     0  42 18 65536     addi 3 1 2              
0      5531103    43  42 19 65536     muli 2 256 2            
0      5531103 11008  42 20 65536     gtrr 2 5 2              
0      5531103     0  42 21 65536     addr 2 4 4              
0      5531103     0  42 22 65536     addi 4 1 4              
0      5531103     0  42 24 65536     addi 3 1 3              
0      5531103     0  43 25 65536     seti 17 8 4             
0      5531103     0  43 18 65536     addi 3 1 2              
0      5531103    44  43 19 65536     muli 2 256 2            
0      5531103 11264  43 20 65536     gtrr 2 5 2              
0      5531103     0  43 21 65536     addr 2 4 4              
0      5531103     0  43 22 65536     addi 4 1 4              
0      5531103     0  43 24 65536     addi 3 1 3              
0      5531103     0  44 25 65536     seti 17 8 4             
0      5531103     0  44 18 65536     addi 3 1 2              
0      5531103    45  44 19 65536     muli 2 256 2            
0      5531103 11520  44 20 65536     gtrr 2 5 2              
0      5531103     0  44 21 65536     addr 2 4 4              
0      5531103     0  44 22 65536     addi 4 1 4              
0      5531103     0  44 24 65536     addi 3 1 3              
0      5531103     0  45 25 65536     seti 17 8 4             
0      5531103     0  45 18 65536     addi 3 1 2              
0      5531103    46  45 19 65536     muli 2 256 2            
0      5531103 11776  45 20 65536     gtrr 2 5 2              
0      5531103     0  45 21 65536     addr 2 4 4              
0      5531103     0  45 22 65536     addi 4 1 4              
0      5531103     0  45 24 65536     addi 3 1 3              
0      5531103     0  46 25 65536     seti 17 8 4             
0      5531103     0  46 18 65536     addi 3 1 2              
0      5531103    47  46 19 65536     muli 2 256 2            
0      5531103 12032  46 20 65536     gtrr 2 5 2              
0      5531103     0  46 21 65536     addr 2 4 4              
0      5531103     0  46 22 65536     addi 4 1 4              
0      5531103     0  46 24 65536     addi 3 1 3              
0      5531103     0  47 25 65536     seti 17 8 4             
0      5531103     0  47 18 65536     addi 3 1 2              
0      5531103    48  47 19 65536     muli 2 256 2            
0      5531103 12288  47 20 65536     gtrr 2 5 2              
0      5531103     0  47 21 65536     addr 2 4 4              
0      5531103     0  47 22 65536     addi 4 1 4              
0      5531103     0  47 24 65536     addi 3 1 3              
0      5531103     0  48 25 65536     seti 17 8 4             
0      5531103     0  48 18 65536     addi 3 1 2              
0      5531103    49  48 19 65536     muli 2 256 2            
0      5531103 12544  48 20 65536     gtrr 2 5 2              
0      5531103     0  48 21 65536     addr 2 4 4              
0      5531103     0  48 22 65536     addi 4 1 4              
0      5531103     0  48 24 65536     addi 3 1 3              
0      5531103     0  49 25 65536     seti 17 8 4             
0      5531103     0  49 18 65536     addi 3 1 2              
0      5531103    50  49 19 65536     muli 2 256 2            
0      5531103 12800  49 20 65536     gtrr 2 5 2              
0      5531103     0  49 21 65536     addr 2 4 4              
0      5531103     0  49 22 65536     addi 4 1 4              
0      5531103     0  49 24 65536     addi 3 1 3              
0      5531103     0  50 25 65536     seti 17 8 4             
0      5531103     0  50 18 65536     addi 3 1 2              
0      5531103    51  50 19 65536     muli 2 256 2            
0      5531103 13056  50 20 65536     gtrr 2 5 2              
0      5531103     0  50 21 65536     addr 2 4 4              
0      5531103     0  50 22 65536     addi 4 1 4              
0      5531103     0  50 24 65536     addi 3 1 3              
0      5531103     0  51 25 65536     seti 17 8 4             
0      5531103     0  51 18 65536     addi 3 1 2              
0      5531103    52  51 19 65536     muli 2 256 2            
0      5531103 13312  51 20 65536     gtrr 2 5 2              
0      5531103     0  51 21 65536     addr 2 4 4              
0      5531103     0  51 22 65536     addi 4 1 4              
0      5531103     0  51 24 65536     addi 3 1 3              
0      5531103     0  52 25 65536     seti 17 8 4             
0      5531103     0  52 18 65536     addi 3 1 2              
0      5531103    53  52 19 65536     muli 2 256 2            
0      5531103 13568  52 20 65536     gtrr 2 5 2              
0      5531103     0  52 21 65536     addr 2 4 4              
0      5531103     0  52 22 65536     addi 4 1 4              
0      5531103     0  52 24 65536     addi 3 1 3              
0      5531103     0  53 25 65536     seti 17 8 4             
0      5531103     0  53 18 65536     addi 3 1 2              
0      5531103    54  53 19 65536     muli 2 256 2            
0      5531103 13824  53 20 65536     gtrr 2 5 2              
0      5531103     0  53 21 65536     addr 2 4 4              
0      5531103     0  53 22 65536     addi 4 1 4              
0      5531103     0  53 24 65536     addi 3 1 3              
0      5531103     0  54 25 65536     seti 17 8 4             
0      5531103     0  54 18 65536     addi 3 1 2              
0      5531103    55  54 19 65536     muli 2 256 2            
0      5531103 14080  54 20 65536     gtrr 2 5 2              
0      5531103     0  54 21 65536     addr 2 4 4              
0      5531103     0  54 22 65536     addi 4 1 4              
0      5531103     0  54 24 65536     addi 3 1 3              
0      5531103     0  55 25 65536     seti 17 8 4             
0      5531103     0  55 18 65536     addi 3 1 2              
0      5531103    56  55 19 65536     muli 2 256 2            
0      5531103 14336  55 20 65536     gtrr 2 5 2              
0      5531103     0  55 21 65536     addr 2 4 4              
0      5531103     0  55 22 65536     addi 4 1 4              
0      5531103     0  55 24 65536     addi 3 1 3              
0      5531103     0  56 25 65536     seti 17 8 4             
0      5531103     0  56 18 65536     addi 3 1 2              
0      5531103    57  56 19 65536     muli 2 256 2            
0      5531103 14592  56 20 65536     gtrr 2 5 2              
0      5531103     0  56 21 65536     addr 2 4 4              
0      5531103     0  56 22 65536     addi 4 1 4              
0      5531103     0  56 24 65536     addi 3 1 3              
0      5531103     0  57 25 65536     seti 17 8 4             
0      5531103     0  57 18 65536     addi 3 1 2              
0      5531103    58  57 19 65536     muli 2 256 2            
0      5531103 14848  57 20 65536     gtrr 2 5 2              
0      5531103     0  57 21 65536     addr 2 4 4              
0      5531103     0  57 22 65536     addi 4 1 4              
0      5531103     0  57 24 65536     addi 3 1 3              
0      5531103     0  58 25 65536     seti 17 8 4             
0      5531103     0  58 18 65536     addi 3 1 2              
0      5531103    59  58 19 65536     muli 2 256 2            
0      5531103 15104  58 20 65536     gtrr 2 5 2              
0      5531103     0  58 21 65536     addr 2 4 4              
0      5531103     0  58 22 65536     addi 4 1 4              
0      5531103     0  58 24 65536     addi 3 1 3              
0      5531103     0  59 25 65536     seti 17 8 4             
0      5531103     0  59 18 65536     addi 3 1 2              
0      5531103    60  59 19 65536     muli 2 256 2            
0      5531103 15360  59 20 65536     gtrr 2 5 2              
0      5531103     0  59 21 65536     addr 2 4 4              
0      5531103     0  59 22 65536     addi 4 1 4              
0      5531103     0  59 24 65536     addi 3 1 3              
0      5531103     0  60 25 65536     seti 17 8 4             
0      5531103     0  60 18 65536     addi 3 1 2              
0      5531103    61  60 19 65536     muli 2 256 2            
0      5531103 15616  60 20 65536     gtrr 2 5 2              
0      5531103     0  60 21 65536     addr 2 4 4              
0      5531103     0  60 22 65536     addi 4 1 4              
0      5531103     0  60 24 65536     addi 3 1 3              
0      5531103     0  61 25 65536     seti 17 8 4             
0      5531103     0  61 18 65536     addi 3 1 2              
0      5531103    62  61 19 65536     muli 2 256 2            
0      5531103 15872  61 20 65536     gtrr 2 5 2              
0      5531103     0  61 21 65536     addr 2 4 4              
0      5531103     0  61 22 65536     addi 4 1 4              
0      5531103     0  61 24 65536     addi 3 1 3              
0      5531103     0  62 25 65536     seti 17 8 4             
0      5531103     0  62 18 65536     addi 3 1 2              
0      5531103    63  62 19 65536     muli 2 256 2            
0      5531103 16128  62 20 65536     gtrr 2 5 2              
0      5531103     0  62 21 65536     addr 2 4 4              
0      5531103     0  62 22 65536     addi 4 1 4              
0      5531103     0  62 24 65536     addi 3 1 3              
0      5531103     0  63 25 65536     seti 17 8 4             
0      5531103     0  63 18 65536     addi 3 1 2              
0      5531103    64  63 19 65536     muli 2 256 2            
0      5531103 16384  63 20 65536     gtrr 2 5 2              
0      5531103     0  63 21 65536     addr 2 4 4              
0      5531103     0  63 22 65536     addi 4 1 4              
0      5531103     0  63 24 65536     addi 3 1 3              
0      5531103     0  64 25 65536     seti 17 8 4             
0      5531103     0  64 18 65536     addi 3 1 2              
0      5531103    65  64 19 65536     muli 2 256 2            
0      5531103 16640  64 20 65536     gtrr 2 5 2              
0      5531103     0  64 21 65536     addr 2 4 4              
0      5531103     0  64 22 65536     addi 4 1 4              
0      5531103     0  64 24 65536     addi 3 1 3              
0      5531103     0  65 25 65536     seti 17 8 4             
0      5531103     0  65 18 65536     addi 3 1 2              
0      5531103    66  65 19 65536     muli 2 256 2            
0      5531103 16896  65 20 65536     gtrr 2 5 2              
0      5531103     0  65 21 65536     addr 2 4 4              
0      5531103     0  65 22 65536     addi 4 1 4              
0      5531103     0  65 24 65536     addi 3 1 3              
0      5531103     0  66 25 65536     seti 17 8 4             
0      5531103     0  66 18 65536     addi 3 1 2              
0      5531103    67  66 19 65536     muli 2 256 2            
0      5531103 17152  66 20 65536     gtrr 2 5 2              
0      5531103     0  66 21 65536     addr 2 4 4              
0      5531103     0  66 22 65536     addi 4 1 4              
0      5531103     0  66 24 65536     addi 3 1 3              
0      5531103     0  67 25 65536     seti 17 8 4             
0      5531103     0  67 18 65536     addi 3 1 2              
0      5531103    68  67 19 65536     muli 2 256 2            
0      5531103 17408  67 20 65536     gtrr 2 5 2              
0      5531103     0  67 21 65536     addr 2 4 4              
0      5531103     0  67 22 65536     addi 4 1 4              
0      5531103     0  67 24 65536     addi 3 1 3              
0      5531103     0  68 25 65536     seti 17 8 4             
0      5531103     0  68 18 65536     addi 3 1 2              
0      5531103    69  68 19 65536     muli 2 256 2            
0      5531103 17664  68 20 65536     gtrr 2 5 2              
0      5531103     0  68 21 65536     addr 2 4 4              
0      5531103     0  68 22 65536     addi 4 1 4              
0      5531103     0  68 24 65536     addi 3 1 3              
0      5531103     0  69 25 65536     seti 17 8 4             
0      5531103     0  69 18 65536     addi 3 1 2              
0      5531103    70  69 19 65536     muli 2 256 2            
0      5531103 17920  69 20 65536     gtrr 2 5 2              
0      5531103     0  69 21 65536     addr 2 4 4              
0      5531103     0  69 22 65536     addi 4 1 4              
0      5531103     0  69 24 65536     addi 3 1 3              
0      5531103     0  70 25 65536     seti 17 8 4             
0      5531103     0  70 18 65536     addi 3 1 2              
0      5531103    71  70 19 65536     muli 2 256 2            
0      5531103 18176  70 20 65536     gtrr 2 5 2              
0      5531103     0  70 21 65536     addr 2 4 4              
0      5531103     0  70 22 65536     addi 4 1 4              
0      5531103     0  70 24 65536     addi 3 1 3              
0      5531103     0  71 25 65536     seti 17 8 4             
0      5531103     0  71 18 65536     addi 3 1 2              
0      5531103    72  71 19 65536     muli 2 256 2            
0      5531103 18432  71 20 65536     gtrr 2 5 2              
0      5531103     0  71 21 65536     addr 2 4 4              
0      5531103     0  71 22 65536     addi 4 1 4              
0      5531103     0  71 24 65536     addi 3 1 3              
0      5531103     0  72 25 65536     seti 17 8 4             
0      5531103     0  72 18 65536     addi 3 1 2              
0      5531103    73  72 19 65536     muli 2 256 2            
0      5531103 18688  72 20 65536     gtrr 2 5 2              
0      5531103     0  72 21 65536     addr 2 4 4              
0      5531103     0  72 22 65536     addi 4 1 4              
0      5531103     0  72 24 65536     addi 3 1 3              
0      5531103     0  73 25 65536     seti 17 8 4             
0      5531103     0  73 18 65536     addi 3 1 2              
0      5531103    74  73 19 65536     muli 2 256 2            
0      5531103 18944  73 20 65536     gtrr 2 5 2              
0      5531103     0  73 21 65536     addr 2 4 4              
0      5531103     0  73 22 65536     addi 4 1 4              
0      5531103     0  73 24 65536     addi 3 1 3              
0      5531103     0  74 25 65536     seti 17 8 4             
0      5531103     0  74 18 65536     addi 3 1 2              
0      5531103    75  74 19 65536     muli 2 256 2            
0      5531103 19200  74 20 65536     gtrr 2 5 2              
0      5531103     0  74 21 65536     addr 2 4 4              
0      5531103     0  74 22 65536     addi 4 1 4              
0      5531103     0  74 24 65536     addi 3 1 3              
0      5531103     0  75 25 65536     seti 17 8 4             
0      5531103     0  75 18 65536     addi 3 1 2              
0      5531103    76  75 19 65536     muli 2 256 2            
0      5531103 19456  75 20 65536     gtrr 2 5 2              
0      5531103     0  75 21 65536     addr 2 4 4              
0      5531103     0  75 22 65536     addi 4 1 4              
0      5531103     0  75 24 65536     addi 3 1 3              
0      5531103     0  76 25 65536     seti 17 8 4             
0      5531103     0  76 18 65536     addi 3 1 2              
0      5531103    77  76 19 65536     muli 2 256 2            
0      5531103 19712  76 20 65536     gtrr 2 5 2              
0      5531103     0  76 21 65536     addr 2 4 4              
0      5531103     0  76 22 65536     addi 4 1 4              
0      5531103     0  76 24 65536     addi 3 1 3              
0      5531103     0  77 25 65536     seti 17 8 4             
0      5531103     0  77 18 65536     addi 3 1 2              
0      5531103    78  77 19 65536     muli 2 256 2            
0      5531103 19968  77 20 65536     gtrr 2 5 2              
0      5531103     0  77 21 65536     addr 2 4 4              
0      5531103     0  77 22 65536     addi 4 1 4              
0      5531103     0  77 24 65536     addi 3 1 3              
0      5531103     0  78 25 65536     seti 17 8 4             
0      5531103     0  78 18 65536     addi 3 1 2              
0      5531103    79  78 19 65536     muli 2 256 2            
0      5531103 20224  78 20 65536     gtrr 2 5 2              
0      5531103     0  78 21 65536     addr 2 4 4              
0      5531103     0  78 22 65536     addi 4 1 4              
0      5531103     0  78 24 65536     addi 3 1 3              
0      5531103     0  79 25 65536     seti 17 8 4             
0      5531103     0  79 18 65536     addi 3 1 2              
0      5531103    80  79 19 65536     muli 2 256 2            
0      5531103 20480  79 20 65536     gtrr 2 5 2              
0      5531103     0  79 21 65536     addr 2 4 4              
0      5531103     0  79 22 65536     addi 4 1 4              
0      5531103     0  79 24 65536     addi 3 1 3              
0      5531103     0  80 25 65536     seti 17 8 4             
0      5531103     0  80 18 65536     addi 3 1 2              
0      5531103    81  80 19 65536     muli 2 256 2            
0      5531103 20736  80 20 65536     gtrr 2 5 2              
0      5531103     0  80 21 65536     addr 2 4 4              
0      5531103     0  80 22 65536     addi 4 1 4              
0      5531103     0  80 24 65536     addi 3 1 3              
0      5531103     0  81 25 65536     seti 17 8 4             
0      5531103     0  81 18 65536     addi 3 1 2              
0      5531103    82  81 19 65536     muli 2 256 2            
0      5531103 20992  81 20 65536     gtrr 2 5 2              
0      5531103     0  81 21 65536     addr 2 4 4              
0      5531103     0  81 22 65536     addi 4 1 4              
0      5531103     0  81 24 65536     addi 3 1 3              
0      5531103     0  82 25 65536     seti 17 8 4             
0      5531103     0  82 18 65536     addi 3 1 2              
0      5531103    83  82 19 65536     muli 2 256 2            
0      5531103 21248  82 20 65536     gtrr 2 5 2              
0      5531103     0  82 21 65536     addr 2 4 4              
0      5531103     0  82 22 65536     addi 4 1 4              
0      5531103     0  82 24 65536     addi 3 1 3              
0      5531103     0  83 25 65536     seti 17 8 4             
0      5531103     0  83 18 65536     addi 3 1 2              
0      5531103    84  83 19 65536     muli 2 256 2            
0      5531103 21504  83 20 65536     gtrr 2 5 2              
0      5531103     0  83 21 65536     addr 2 4 4              
0      5531103     0  83 22 65536     addi 4 1 4              
0      5531103     0  83 24 65536     addi 3 1 3              
0      5531103     0  84 25 65536     seti 17 8 4             
0      5531103     0  84 18 65536     addi 3 1 2              
0      5531103    85  84 19 65536     muli 2 256 2            
0      5531103 21760  84 20 65536     gtrr 2 5 2              
0      5531103     0  84 21 65536     addr 2 4 4              
0      5531103     0  84 22 65536     addi 4 1 4              
0      5531103     0  84 24 65536     addi 3 1 3              
0      5531103     0  85 25 65536     seti 17 8 4             
0      5531103     0  85 18 65536     addi 3 1 2              
0      5531103    86  85 19 65536     muli 2 256 2            
0      5531103 22016  85 20 65536     gtrr 2 5 2              
0      5531103     0  85 21 65536     addr 2 4 4              
0      5531103     0  85 22 65536     addi 4 1 4              
0      5531103     0  85 24 65536     addi 3 1 3              
0      5531103     0  86 25 65536     seti 17 8 4             
0      5531103     0  86 18 65536     addi 3 1 2              
0      5531103    87  86 19 65536     muli 2 256 2            
0      5531103 22272  86 20 65536     gtrr 2 5 2              
0      5531103     0  86 21 65536     addr 2 4 4              
0      5531103     0  86 22 65536     addi 4 1 4              
0      5531103     0  86 24 65536     addi 3 1 3              
0      5531103     0  87 25 65536     seti 17 8 4             
0      5531103     0  87 18 65536     addi 3 1 2              
0      5531103    88  87 19 65536     muli 2 256 2            
0      5531103 22528  87 20 65536     gtrr 2 5 2              
0      5531103     0  87 21 65536     addr 2 4 4              
0      5531103     0  87 22 65536     addi 4 1 4              
0      5531103     0  87 24 65536     addi 3 1 3              
0      5531103     0  88 25 65536     seti 17 8 4             
0      5531103     0  88 18 65536     addi 3 1 2              
0      5531103    89  88 19 65536     muli 2 256 2            
0      5531103 22784  88 20 65536     gtrr 2 5 2              
0      5531103     0  88 21 65536     addr 2 4 4              
0      5531103     0  88 22 65536     addi 4 1 4              
0      5531103     0  88 24 65536     addi 3 1 3              
0      5531103     0  89 25 65536     seti 17 8 4             
0      5531103     0  89 18 65536     addi 3 1 2              
0      5531103    90  89 19 65536     muli 2 256 2            
0      5531103 23040  89 20 65536     gtrr 2 5 2              
0      5531103     0  89 21 65536     addr 2 4 4              
0      5531103     0  89 22 65536     addi 4 1 4              
0      5531103     0  89 24 65536     addi 3 1 3              
0      5531103     0  90 25 65536     seti 17 8 4             
0      5531103     0  90 18 65536     addi 3 1 2              
0      5531103    91  90 19 65536     muli 2 256 2            
0      5531103 23296  90 20 65536     gtrr 2 5 2              
0      5531103     0  90 21 65536     addr 2 4 4              
0      5531103     0  90 22 65536     addi 4 1 4              
0      5531103     0  90 24 65536     addi 3 1 3              
0      5531103     0  91 25 65536     seti 17 8 4             
0      5531103     0  91 18 65536     addi 3 1 2              
0      5531103    92  91 19 65536     muli 2 256 2            
0      5531103 23552  91 20 65536     gtrr 2 5 2              
0      5531103     0  91 21 65536     addr 2 4 4              
0      5531103     0  91 22 65536     addi 4 1 4              
0      5531103     0  91 24 65536     addi 3 1 3              
0      5531103     0  92 25 65536     seti 17 8 4             
0      5531103     0  92 18 65536     addi 3 1 2              
0      5531103    93  92 19 65536     muli 2 256 2            
0      5531103 23808  92 20 65536     gtrr 2 5 2              
0      5531103     0  92 21 65536     addr 2 4 4              
0      5531103     0  92 22 65536     addi 4 1 4              
0      5531103     0  92 24 65536     addi 3 1 3              
0      5531103     0  93 25 65536     seti 17 8 4             
0      5531103     0  93 18 65536     addi 3 1 2              
0      5531103    94  93 19 65536     muli 2 256 2            
0      5531103 24064  93 20 65536     gtrr 2 5 2              
0      5531103     0  93 21 65536     addr 2 4 4              
0      5531103     0  93 22 65536     addi 4 1 4              
0      5531103     0  93 24 65536     addi 3 1 3              
0      5531103     0  94 25 65536     seti 17 8 4             
0      5531103     0  94 18 65536     addi 3 1 2              
0      5531103    95  94 19 65536     muli 2 256 2            
0      5531103 24320  94 20 65536     gtrr 2 5 2              
0      5531103     0  94 21 65536     addr 2 4 4              
0      5531103     0  94 22 65536     addi 4 1 4              
0      5531103     0  94 24 65536     addi 3 1 3              
0      5531103     0  95 25 65536     seti 17 8 4             
0      5531103     0  95 18 65536     addi 3 1 2              
0      5531103    96  95 19 65536     muli 2 256 2            
0      5531103 24576  95 20 65536     gtrr 2 5 2              
0      5531103     0  95 21 65536     addr 2 4 4              
0      5531103     0  95 22 65536     addi 4 1 4              
0      5531103     0  95 24 65536     addi 3 1 3              
0      5531103     0  96 25 65536     seti 17 8 4             
0      5531103     0  96 18 65536     addi 3 1 2              
0      5531103    97  96 19 65536     muli 2 256 2            
0      5531103 24832  96 20 65536     gtrr 2 5 2              
0      5531103     0  96 21 65536     addr 2 4 4              
0      5531103     0  96 22 65536     addi 4 1 4              
0      5531103     0  96 24 65536     addi 3 1 3              
0      5531103     0  97 25 65536     seti 17 8 4             
0      5531103     0  97 18 65536     addi 3 1 2              
0      5531103    98  97 19 65536     muli 2 256 2            
0      5531103 25088  97 20 65536     gtrr 2 5 2              
0      5531103     0  97 21 65536     addr 2 4 4              
0      5531103     0  97 22 65536     addi 4 1 4              
0      5531103     0  97 24 65536     addi 3 1 3              
0      5531103     0  98 25 65536     seti 17 8 4             
0      5531103     0  98 18 65536     addi 3 1 2              
0      5531103    99  98 19 65536     muli 2 256 2            
0      5531103 25344  98 20 65536     gtrr 2 5 2              
0      5531103     0  98 21 65536     addr 2 4 4              
0      5531103     0  98 22 65536     addi 4 1 4              
0      5531103     0  98 24 65536     addi 3 1 3              
0      5531103     0  99 25 65536     seti 17 8 4             
0      5531103     0  99 18 65536     addi 3 1 2              
0      5531103   100  99 19 65536     muli 2 256 2            
0      5531103 25600  99 20 65536     gtrr 2 5 2              
0      5531103     0  99 21 65536     addr 2 4 4              
0      5531103     0  99 22 65536     addi 4 1 4              
0      5531103     0  99 24 65536     addi 3 1 3              
0      5531103     0 100 25 65536     seti 17 8 4             
0      5531103     0 100 18 65536     addi 3 1 2              
0      5531103   101 100 19 65536     muli 2 256 2            
0      5531103 25856 100 20 65536     gtrr 2 5 2              
0      5531103     0 100 21 65536     addr 2 4 4              
0      5531103     0 100 22 65536     addi 4 1 4              
0      5531103     0 100 24 65536     addi 3 1 3              
0      5531103     0 101 25 65536     seti 17 8 4             
0      5531103     0 101 18 65536     addi 3 1 2              
0      5531103   102 101 19 65536     muli 2 256 2            
0      5531103 26112 101 20 65536     gtrr 2 5 2              
0      5531103     0 101 21 65536     addr 2 4 4              
0      5531103     0 101 22 65536     addi 4 1 4              
0      5531103     0 101 24 65536     addi 3 1 3              
0      5531103     0 102 25 65536     seti 17 8 4             
0      5531103     0 102 18 65536     addi 3 1 2              
0      5531103   103 102 19 65536     muli 2 256 2            
0      5531103 26368 102 20 65536     gtrr 2 5 2              
0      5531103     0 102 21 65536     addr 2 4 4              
0      5531103     0 102 22 65536     addi 4 1 4              
0      5531103     0 102 24 65536     addi 3 1 3              
0      5531103     0 103 25 65536     seti 17 8 4             
0      5531103     0 103 18 65536     addi 3 1 2              
0      5531103   104 103 19 65536     muli 2 256 2            
0      5531103 26624 103 20 65536     gtrr 2 5 2              
0      5531103     0 103 21 65536     addr 2 4 4              
0      5531103     0 103 22 65536     addi 4 1 4              
0      5531103     0 103 24 65536     addi 3 1 3              
0      5531103     0 104 25 65536     seti 17 8 4             
0      5531103     0 104 18 65536     addi 3 1 2              
0      5531103   105 104 19 65536     muli 2 256 2            
0      5531103 26880 104 20 65536     gtrr 2 5 2              
0      5531103     0 104 21 65536     addr 2 4 4              
0      5531103     0 104 22 65536     addi 4 1 4              
0      5531103     0 104 24 65536     addi 3 1 3              
0      5531103     0 105 25 65536     seti 17 8 4             
0      5531103     0 105 18 65536     addi 3 1 2              
0      5531103   106 105 19 65536     muli 2 256 2            
0      5531103 27136 105 20 65536     gtrr 2 5 2              
0      5531103     0 105 21 65536     addr 2 4 4              
0      5531103     0 105 22 65536     addi 4 1 4              
0      5531103     0 105 24 65536     addi 3 1 3              
0      5531103     0 106 25 65536     seti 17 8 4             
0      5531103     0 106 18 65536     addi 3 1 2              
0      5531103   107 106 19 65536     muli 2 256 2            
0      5531103 27392 106 20 65536     gtrr 2 5 2              
0      5531103     0 106 21 65536     addr 2 4 4              
0      5531103     0 106 22 65536     addi 4 1 4              
0      5531103     0 106 24 65536     addi 3 1 3              
0      5531103     0 107 25 65536     seti 17 8 4             
0      5531103     0 107 18 65536     addi 3 1 2              
0      5531103   108 107 19 65536     muli 2 256 2            
0      5531103 27648 107 20 65536     gtrr 2 5 2              
0      5531103     0 107 21 65536     addr 2 4 4              
0      5531103     0 107 22 65536     addi 4 1 4              
0      5531103     0 107 24 65536     addi 3 1 3              
0      5531103     0 108 25 65536     seti 17 8 4             
0      5531103     0 108 18 65536     addi 3 1 2              
0      5531103   109 108 19 65536     muli 2 256 2            
0      5531103 27904 108 20 65536     gtrr 2 5 2              
0      5531103     0 108 21 65536     addr 2 4 4              
0      5531103     0 108 22 65536     addi 4 1 4              
0      5531103     0 108 24 65536     addi 3 1 3              
0      5531103     0 109 25 65536     seti 17 8 4             
0      5531103     0 109 18 65536     addi 3 1 2              
0      5531103   110 109 19 65536     muli 2 256 2            
0      5531103 28160 109 20 65536     gtrr 2 5 2              
0      5531103     0 109 21 65536     addr 2 4 4              
0      5531103     0 109 22 65536     addi 4 1 4              
0      5531103     0 109 24 65536     addi 3 1 3              
0      5531103     0 110 25 65536     seti 17 8 4             
0      5531103     0 110 18 65536     addi 3 1 2              
0      5531103   111 110 19 65536     muli 2 256 2            
0      5531103 28416 110 20 65536     gtrr 2 5 2              
0      5531103     0 110 21 65536     addr 2 4 4              
0      5531103     0 110 22 65536     addi 4 1 4              
0      5531103     0 110 24 65536     addi 3 1 3              
0      5531103     0 111 25 65536     seti 17 8 4             
0      5531103     0 111 18 65536     addi 3 1 2              
0      5531103   112 111 19 65536     muli 2 256 2            
0      5531103 28672 111 20 65536     gtrr 2 5 2              
0      5531103     0 111 21 65536     addr 2 4 4              
0      5531103     0 111 22 65536     addi 4 1 4              
0      5531103     0 111 24 65536     addi 3 1 3              
0      5531103     0 112 25 65536     seti 17 8 4             
0      5531103     0 112 18 65536     addi 3 1 2              
0      5531103   113 112 19 65536     muli 2 256 2            
0      5531103 28928 112 20 65536     gtrr 2 5 2              
0      5531103     0 112 21 65536     addr 2 4 4              
0      5531103     0 112 22 65536     addi 4 1 4              
0      5531103     0 112 24 65536     addi 3 1 3              
0      5531103     0 113 25 65536     seti 17 8 4             
0      5531103     0 113 18 65536     addi 3 1 2              
0      5531103   114 113 19 65536     muli 2 256 2            
0      5531103 29184 113 20 65536     gtrr 2 5 2              
0      5531103     0 113 21 65536     addr 2 4 4              
0      5531103     0 113 22 65536     addi 4 1 4              
0      5531103     0 113 24 65536     addi 3 1 3              
0      5531103     0 114 25 65536     seti 17 8 4             
0      5531103     0 114 18 65536     addi 3 1 2              
0      5531103   115 114 19 65536     muli 2 256 2            
0      5531103 29440 114 20 65536     gtrr 2 5 2              
0      5531103     0 114 21 65536     addr 2 4 4              
0      5531103     0 114 22 65536     addi 4 1 4              
0      5531103     0 114 24 65536     addi 3 1 3              
0      5531103     0 115 25 65536     seti 17 8 4             
0      5531103     0 115 18 65536     addi 3 1 2              
0      5531103   116 115 19 65536     muli 2 256 2            
0      5531103 29696 115 20 65536     gtrr 2 5 2              
0      5531103     0 115 21 65536     addr 2 4 4              
0      5531103     0 115 22 65536     addi 4 1 4              
0      5531103     0 115 24 65536     addi 3 1 3              
0      5531103     0 116 25 65536     seti 17 8 4             
0      5531103     0 116 18 65536     addi 3 1 2              
0      5531103   117 116 19 65536     muli 2 256 2            
0      5531103 29952 116 20 65536     gtrr 2 5 2              
0      5531103     0 116 21 65536     addr 2 4 4              
0      5531103     0 116 22 65536     addi 4 1 4              
0      5531103     0 116 24 65536     addi 3 1 3              
0      5531103     0 117 25 65536     seti 17 8 4             
0      5531103     0 117 18 65536     addi 3 1 2              
0      5531103   118 117 19 65536     muli 2 256 2            
0      5531103 30208 117 20 65536     gtrr 2 5 2              
0      5531103     0 117 21 65536     addr 2 4 4              
0      5531103     0 117 22 65536     addi 4 1 4              
0      5531103     0 117 24 65536     addi 3 1 3              
0      5531103     0 118 25 65536     seti 17 8 4             
0      5531103     0 118 18 65536     addi 3 1 2              
0      5531103   119 118 19 65536     muli 2 256 2            
0      5531103 30464 118 20 65536     gtrr 2 5 2              
0      5531103     0 118 21 65536     addr 2 4 4              
0      5531103     0 118 22 65536     addi 4 1 4              
0      5531103     0 118 24 65536     addi 3 1 3              
0      5531103     0 119 25 65536     seti 17 8 4             
0      5531103     0 119 18 65536     addi 3 1 2              
0      5531103   120 119 19 65536     muli 2 256 2            
0      5531103 30720 119 20 65536     gtrr 2 5 2              
0      5531103     0 119 21 65536     addr 2 4 4              
0      5531103     0 119 22 65536     addi 4 1 4              
0      5531103     0 119 24 65536     addi 3 1 3              
0      5531103     0 120 25 65536     seti 17 8 4             
0      5531103     0 120 18 65536     addi 3 1 2              
0      5531103   121 120 19 65536     muli 2 256 2            
0      5531103 30976 120 20 65536     gtrr 2 5 2              
0      5531103     0 120 21 65536     addr 2 4 4              
0      5531103     0 120 22 65536     addi 4 1 4              
0      5531103     0 120 24 65536     addi 3 1 3              
0      5531103     0 121 25 65536     seti 17 8 4             
0      5531103     0 121 18 65536     addi 3 1 2              
0      5531103   122 121 19 65536     muli 2 256 2            
0      5531103 31232 121 20 65536     gtrr 2 5 2              
0      5531103     0 121 21 65536     addr 2 4 4              
0      5531103     0 121 22 65536     addi 4 1 4              
0      5531103     0 121 24 65536     addi 3 1 3              
0      5531103     0 122 25 65536     seti 17 8 4             
0      5531103     0 122 18 65536     addi 3 1 2              
0      5531103   123 122 19 65536     muli 2 256 2            
0      5531103 31488 122 20 65536     gtrr 2 5 2              
0      5531103     0 122 21 65536     addr 2 4 4              
0      5531103     0 122 22 65536     addi 4 1 4              
0      5531103     0 122 24 65536     addi 3 1 3              
0      5531103     0 123 25 65536     seti 17 8 4             
0      5531103     0 123 18 65536     addi 3 1 2              
0      5531103   124 123 19 65536     muli 2 256 2            
0      5531103 31744 123 20 65536     gtrr 2 5 2              
0      5531103     0 123 21 65536     addr 2 4 4              
0      5531103     0 123 22 65536     addi 4 1 4              
0      5531103     0 123 24 65536     addi 3 1 3              
0      5531103     0 124 25 65536     seti 17 8 4             
0      5531103     0 124 18 65536     addi 3 1 2              
0      5531103   125 124 19 65536     muli 2 256 2            
0      5531103 32000 124 20 65536     gtrr 2 5 2              
0      5531103     0 124 21 65536     addr 2 4 4              
0      5531103     0 124 22 65536     addi 4 1 4              
0      5531103     0 124 24 65536     addi 3 1 3              
0      5531103     0 125 25 65536     seti 17 8 4             
0      5531103     0 125 18 65536     addi 3 1 2              
0      5531103   126 125 19 65536     muli 2 256 2            
0      5531103 32256 125 20 65536     gtrr 2 5 2              
0      5531103     0 125 21 65536     addr 2 4 4              
0      5531103     0 125 22 65536     addi 4 1 4              
0      5531103     0 125 24 65536     addi 3 1 3              
0      5531103     0 126 25 65536     seti 17 8 4             
0      5531103     0 126 18 65536     addi 3 1 2              
0      5531103   127 126 19 65536     muli 2 256 2            
0      5531103 32512 126 20 65536     gtrr 2 5 2              
0      5531103     0 126 21 65536     addr 2 4 4              
0      5531103     0 126 22 65536     addi 4 1 4              
0      5531103     0 126 24 65536     addi 3 1 3              
0      5531103     0 127 25 65536     seti 17 8 4             
0      5531103     0 127 18 65536     addi 3 1 2              
0      5531103   128 127 19 65536     muli 2 256 2            
0      5531103 32768 127 20 65536     gtrr 2 5 2              
0      5531103     0 127 21 65536     addr 2 4 4              
0      5531103     0 127 22 65536     addi 4 1 4              
0      5531103     0 127 24 65536     addi 3 1 3              
0      5531103     0 128 25 65536     seti 17 8 4             
0      5531103     0 128 18 65536     addi 3 1 2              
0      5531103   129 128 19 65536     muli 2 256 2            
0      5531103 33024 128 20 65536     gtrr 2 5 2              
0      5531103     0 128 21 65536     addr 2 4 4              
0      5531103     0 128 22 65536     addi 4 1 4              
0      5531103     0 128 24 65536     addi 3 1 3              
0      5531103     0 129 25 65536     seti 17 8 4             
0      5531103     0 129 18 65536     addi 3 1 2              
0      5531103   130 129 19 65536     muli 2 256 2            
0      5531103 33280 129 20 65536     gtrr 2 5 2              
0      5531103     0 129 21 65536     addr 2 4 4              
0      5531103     0 129 22 65536     addi 4 1 4              
0      5531103     0 129 24 65536     addi 3 1 3              
0      5531103     0 130 25 65536     seti 17 8 4             
0      5531103     0 130 18 65536     addi 3 1 2              
0      5531103   131 130 19 65536     muli 2 256 2            
0      5531103 33536 130 20 65536     gtrr 2 5 2              
0      5531103     0 130 21 65536     addr 2 4 4              
0      5531103     0 130 22 65536     addi 4 1 4              
0      5531103     0 130 24 65536     addi 3 1 3              
0      5531103     0 131 25 65536     seti 17 8 4             
0      5531103     0 131 18 65536     addi 3 1 2              
0      5531103   132 131 19 65536     muli 2 256 2            
0      5531103 33792 131 20 65536     gtrr 2 5 2              
0      5531103     0 131 21 65536     addr 2 4 4              
0      5531103     0 131 22 65536     addi 4 1 4              
0      5531103     0 131 24 65536     addi 3 1 3              
0      5531103     0 132 25 65536     seti 17 8 4             
0      5531103     0 132 18 65536     addi 3 1 2              
0      5531103   133 132 19 65536     muli 2 256 2            
0      5531103 34048 132 20 65536     gtrr 2 5 2              
0      5531103     0 132 21 65536     addr 2 4 4              
0      5531103     0 132 22 65536     addi 4 1 4              
0      5531103     0 132 24 65536     addi 3 1 3              
0      5531103     0 133 25 65536     seti 17 8 4             
0      5531103     0 133 18 65536     addi 3 1 2              
0      5531103   134 133 19 65536     muli 2 256 2            
0      5531103 34304 133 20 65536     gtrr 2 5 2              
0      5531103     0 133 21 65536     addr 2 4 4              
0      5531103     0 133 22 65536     addi 4 1 4              
0      5531103     0 133 24 65536     addi 3 1 3              
0      5531103     0 134 25 65536     seti 17 8 4             
0      5531103     0 134 18 65536     addi 3 1 2              
0      5531103   135 134 19 65536     muli 2 256 2            
0      5531103 34560 134 20 65536     gtrr 2 5 2              
0      5531103     0 134 21 65536     addr 2 4 4              
0      5531103     0 134 22 65536     addi 4 1 4              
0      5531103     0 134 24 65536     addi 3 1 3              
0      5531103     0 135 25 65536     seti 17 8 4             
0      5531103     0 135 18 65536     addi 3 1 2              
0      5531103   136 135 19 65536     muli 2 256 2            
0      5531103 34816 135 20 65536     gtrr 2 5 2              
0      5531103     0 135 21 65536     addr 2 4 4              
0      5531103     0 135 22 65536     addi 4 1 4              
0      5531103     0 135 24 65536     addi 3 1 3              
0      5531103     0 136 25 65536     seti 17 8 4             
0      5531103     0 136 18 65536     addi 3 1 2              
0      5531103   137 136 19 65536     muli 2 256 2            
0      5531103 35072 136 20 65536     gtrr 2 5 2              
0      5531103     0 136 21 65536     addr 2 4 4              
0      5531103     0 136 22 65536     addi 4 1 4              
0      5531103     0 136 24 65536     addi 3 1 3              
0      5531103     0 137 25 65536     seti 17 8 4             
0      5531103     0 137 18 65536     addi 3 1 2              
0      5531103   138 137 19 65536     muli 2 256 2            
0      5531103 35328 137 20 65536     gtrr 2 5 2              
0      5531103     0 137 21 65536     addr 2 4 4              
0      5531103     0 137 22 65536     addi 4 1 4              
0      5531103     0 137 24 65536     addi 3 1 3              
0      5531103     0 138 25 65536     seti 17 8 4             
0      5531103     0 138 18 65536     addi 3 1 2              
0      5531103   139 138 19 65536     muli 2 256 2            
0      5531103 35584 138 20 65536     gtrr 2 5 2              
0      5531103     0 138 21 65536     addr 2 4 4              
0      5531103     0 138 22 65536     addi 4 1 4              
0      5531103     0 138 24 65536     addi 3 1 3              
0      5531103     0 139 25 65536     seti 17 8 4             
0      5531103     0 139 18 65536     addi 3 1 2              
0      5531103   140 139 19 65536     muli 2 256 2            
0      5531103 35840 139 20 65536     gtrr 2 5 2              
0      5531103     0 139 21 65536     addr 2 4 4              
0      5531103     0 139 22 65536     addi 4 1 4              
0      5531103     0 139 24 65536     addi 3 1 3              
0      5531103     0 140 25 65536     seti 17 8 4             
0      5531103     0 140 18 65536     addi 3 1 2              
0      5531103   141 140 19 65536     muli 2 256 2            
0      5531103 36096 140 20 65536     gtrr 2 5 2              
0      5531103     0 140 21 65536     addr 2 4 4              
